100 5 
42 41 523 215 819 551 69 193 582 375 367 478 162 898 550 553 298 577 493 183 260 224 852 394 958 282 402 604 164 308 218 61 273 772 191 117 276 877 415 873 902 465 320 870 244 781 86 622 665 155 680 101 665 227 597 354 597 79 162 998 849 136 112 751 735 884 71 449 266 420 797 945 746 46 44 545 882 72 383 714 987 183 731 301 718 91 109 567 708 507 983 808 766 615 554 282 995 946 651 298 
509 883 229 569 706 639 114 727 491 481 681 948 687 941 350 253 573 40 124 384 660 951 739 329 146 593 658 816 638 717 779 289 430 851 937 289 159 260 930 248 656 833 892 60 278 741 297 967 86 249 354 614 836 290 893 857 158 869 206 504 799 758 431 580 780 788 583 641 32 653 252 709 129 368 440 314 287 854 460 594 512 239 719 751 708 670 269 832 137 356 960 651 398 893 407 477 552 805 881 850 
806 361 199 781 596 669 957 358 259 888 319 751 275 177 883 749 229 265 282 694 819 77 190 551 140 442 867 283 137 359 445 58 440 192 485 744 844 969 50 833 57 877 482 732 968 113 486 710 439 747 174 260 877 474 841 422 280 684 330 910 791 322 404 403 519 148 948 414 894 147 73 297 97 651 380 67 582 973 143 732 624 518 847 113 382 97 905 398 859 4 142 110 11 213 398 173 106 331 254 447 
404 197 817 1000 44 307 39 659 46 334 448 599 931 776 263 980 807 378 278 841 700 210 542 636 388 129 203 110 817 502 657 804 662 989 585 645 113 436 610 948 919 115 967 13 445 449 740 592 327 167 368 335 179 909 825 614 987 350 179 415 821 525 774 283 427 275 659 392 73 896 68 982 697 421 246 672 649 731 191 514 983 886 95 846 689 206 417 14 735 267 822 977 302 687 118 990 323 993 525 322 
475 36 287 577 45 700 803 654 196 844 657 387 518 143 515 335 942 701 332 803 265 922 908 139 995 845 487 100 447 653 649 738 424 475 425 926 795 47 136 801 904 740 768 460 76 660 500 915 897 25 716 557 72 696 653 933 420 582 810 861 758 647 237 631 271 91 75 756 409 440 483 336 765 637 981 980 202 35 594 689 602 76 767 693 893 160 785 311 417 748 375 362 617 553 474 915 457 261 350 635 
11927 13727 11551 13056 13460 
556 125 736 557 301 6 111 16 704 952 408 492 163 938 315 949 670 1000 457 816 357 495 916 852 614 161 60 382 373 570 182 934 129 542 767 964 896 350 178 557 975 70 226 356 404 79 833 616 575 987 340 794 321 337 580 920 425 170 955 581 739 622 473 789 946 499 666 546 630 997 462 750 841 795 2 522 778 42 714 645 855 396 768 392 141 544 847 263 325 227 765 128 10 973 162 743 208 223 981 143 
413 794 494 821 348 961 63 962 799 242 352 337 111 559 889 595 914 576 312 323 153 888 287 627 888 634 424 365 374 85 650 265 711 204 816 595 111 707 774 138 687 131 279 775 191 217 181 750 890 776 484 655 662 662 995 248 718 321 533 391 81 253 879 540 959 118 989 781 678 787 424 721 623 833 986 141 66 983 449 654 458 675 515 718 486 881 726 386 796 229 398 335 624 283 182 589 153 945 272 849 
907 447 158 840 440 413 75 682 936 933 753 47 488 649 475 88 464 50 485 672 254 171 548 202 227 673 888 176 82 811 292 522 717 592 235 398 519 987 937 12 599 414 362 818 998 654 32 469 618 781 944 499 860 216 499 695 231 776 121 703 876 260 938 643 746 967 360 630 46 555 818 52 6 331 24 328 749 206 906 346 104 415 680 187 220 255 122 51 231 536 897 727 782 113 947 206 566 738 733 891 
547 399 669 818 623 164 859 960 509 365 351 949 25 197 264 678 581 500 285 422 802 200 287 968 674 379 733 455 956 967 829 154 902 240 70 212 878 160 900 594 582 365 49 368 156 68 99 554 145 319 303 423 257 348 915 905 684 562 217 471 532 334 601 729 566 886 824 253 606 618 418 217 153 725 701 451 402 372 820 111 770 205 698 976 370 449 378 633 566 240 13 689 385 319 341 863 462 630 91 525 
599 63 627 495 55 314 599 374 472 554 946 583 359 675 87 563 150 661 58 523 885 946 125 544 318 593 647 299 47 898 462 502 572 556 361 385 464 105 533 83 1 112 323 14 581 291 159 108 702 454 251 385 537 337 675 787 970 822 528 782 29 81 430 957 599 52 314 180 877 28 115 483 451 434 494 849 212 520 178 354 251 72 770 806 580 97 80 821 379 635 508 988 748 542 41 451 87 107 658 636 
13162 13388 12431 12309 10949 
835 1102 631 868 1206 1618 1314 1427 768 381 1210 1253 1487 452 1251 686 686 146 735 616 955 1045 908 620 650 1065 1239 1127 855 940 1511 325 1078 1058 892 384 587 1066 1390 1026 534 1321 1218 1059 934 1370 695 1134 827 482 956 427 1017 993 948 510 945 1074 264 1137 789 705 923 774 747 996 875 852 792 387 1047 920 699 539 1149 1136 712 1577 655 1167 993 747 828 1175 1534 714 734 1109 1263 945 841 1351 1440 606 1116 848 1229 1512 526 1380 
980 792 860 568 1025 1127 1229 1003 519 1011 1160 966 1416 790 824 745 482 241 622 638 1051 733 697 700 767 1168 1128 766 954 977 1003 514 645 1384 593 482 796 1055 885 1304 566 1175 1374 576 1173 1035 758 914 571 342 806 378 768 1133 632 960 859 1344 476 1055 1182 1008 370 524 522 1119 561 805 678 513 605 901 684 474 906 834 926 673 758 698 864 729 978 683 987 548 394 1174 797 1132 985 1388 785 617 1030 742 1160 774 752 1047 
322 797 433 771 725 612 753 329 273 661 788 921 1114 470 767 711 523 242 388 820 696 655 728 656 615 804 779 822 948 320 549 381 703 874 548 552 430 677 377 1330 603 829 949 789 524 1042 629 831 506 201 563 319 540 943 466 334 774 792 638 666 1092 641 420 469 380 743 492 449 562 716 527 1045 765 507 594 602 652 715 584 848 1092 920 344 681 953 205 736 582 556 561 899 574 631 853 678 542 835 839 591 341 
248 494 15 272 202 999 291 739 49 24 340 307 690 101 638 23 66 -161 263 109 541 431 14 9 290 561 856 373 381 262 499 -193 410 609 72 -85 -345 257 314 411 196 943 709 307 408 780 62 276 164 -633 409 -195 281 572 240 -277 286 614 -157 383 383 272 92 -122 9 285 218 87 -253 -355 224 366 -163 37 470 125 115 812 33 375 1 106 276 236 543 -84 -173 618 334 543 309 464 456 52 604 -154 495 859 -266 646 
-86 289 276 -8 126 113 312 420 -167 259 396 624 724 -42 317 114 -106 -47 256 237 742 224 335 121 -73 269 351 117 -1 404 596 101 -4 541 -195 118 -30 351 414 794 333 902 471 -71 253 550 230 161 -73 -168 364 -139 137 317 -56 278 306 489 -339 406 881 180 145 233 -111 513 -77 146 -261 -123 388 -48 -73 -81 332 428 434 514 168 -74 404 193 -55 349 601 -145 92 288 474 335 559 606 406 169 623 345 531 227 -21 418 
-191 -237 -183 -1 544 316 554 -35 -195 -123 -8 298 640 443 478 298 -97 258 -10 -113 -144 365 585 -204 -171 -127 -30 391 298 -34 360 -64 -141 -1 477 406 322 -59 -126 539 589 774 763 360 322 775 319 296 -84 -90 339 -229 -122 345 -168 370 -61 -95 -209 -15 509 532 -87 -103 -35 355 -92 508 -159 298 -222 314 -24 255 -11 415 378 274 -38 380 351 -148 -135 -185 786 -21 -97 414 450 483 -59 -240 -29 622 490 363 425 510 -128 -69 